10.0
10.0
3.3624153620204096
10.987011016052511
-3.873478906472517
8.317349322033522
-4.9809858590023985
3.0053905940702847
-3.5104441735193816
2.9518956027060783
-4.316844935330299
-2.4836633553855485
-2.230921740347381
-2.1570951299408754
3.0676659574380825
-3.041734331037276
3.1557701635381017
-2.055935809096936
3.3559693635787475
-1.0013999055991156
3.5349241183942697
0.15126355883223752
3.7282089203914803
1.004572788143523
3.8363732030666777
1.9094336050724499
3.988561862686352
2.290318560414544
4.009784861642564
3.2034723160149428
4.220742100291953
3.1789813086841683
4.094527842408066
3.5149845692651134
4.234290349428923
3.4971418911901684
4.147098677625194
3.826933027185724
4.260711049456348
3.814282028266654
4.190694312598278
3.901506667209519
4.252378636224243
3.8924164594305943
4.215131079241946
4.052787940934258
4.263914892703475
4.047402026590965
4.238514968447164
4.089849809118669
4.2552708914947175
4.094509677291838
4.25145920976277
4.175855120386178
4.271416605016816
4.171610693319012
4.254516972040278
4.214801931076694
4.27517422812153
4.212516960235785
4.2628379950980815
4.218040476824793
4.269329355894103
4.217888624414869
4.267414807429757
4.2330611577016315
4.269859283759658
4.236789202264802
4.269949385283366
4.251911396474051
4.273136776849538
4.251229582933034
4.271417659732931
4.267764701620093
4.274992415604085
4.2673694748386515
4.273223805196797
4.268059477966879
4.274419216470967
4.267834558541841
4.2737504302102
4.27020743183086
4.274636870622806
4.269691787883244
4.273898802523334
4.270990084138579
4.274725062603281
4.270573705861498
4.274025326812857
4.271242663818841
4.274558074318158
4.271058339515551
4.2742988524196805
4.272782945435459
4.274841028181246
4.272290113249008
4.274410210843455
4.272461071373717
4.274539301190228
4.272458833744194
4.2745502214191875
4.272652151967177
4.274575329330263
4.2728851634356415
4.274605756851212
4.273127691835094
4.274637401466288
4.273338682868832
4.2746650862504385
4.273515967886085
4.2746883448437965
4.273657863548455
4.274706874363201
4.2737723008823645
4.274721689504807
4.2738620016188325
4.27473313521811
4.273933227451523
4.274742136278524
4.273988122439451
4.274748942688964
4.274031231475369
4.274754274410189
4.274063811523718
4.274758206736508
4.274089305764574
4.274761323653024
4.274108093732429
4.2747635304712235
4.274122973457117
4.274765357066716
4.274133493030541
4.2747665444703475
4.274142204358446
4.274767646448883
4.27414784770452
4.274768228659694
4.274153106373604
4.274768945958564
4.274155857248914
4.274769154055684
4.274159291197115
4.27476969298834
4.274160251634174
