10.0
10.0
9.049986913508555
16.649403535125508
8.289010412402627
17.591768922261267
7.627066118604494
16.753265673448105
7.033070938711235
15.188765839615638
6.4917557449620915
13.334772585952551
5.994396147805283
11.405990880859747
5.5355308369048135
9.517357571859304
5.111487046954496
7.73220799175934
4.719628646821867
6.084994561483832
4.357880063713605
4.594707278578223
4.323229662156857
4.461131210249903
4.284553447826811
4.312249757158554
4.277745499156951
4.312577463984498
4.281685666639248
4.31128364280253
